$ANSIBLE_VAULT;1.1;AES256
62373566353833653035303732653436373036316165363936376135343537346362353839306630
6262313365323037383935613333646630666437633133380a393834376338313431653537333631
33646231333263343733656438303433386437636362666562623537383731376261336432646165
6137313139373838300a653431656435646462663532376261363832653535323564653964646432
64323634303665613266316236653664366631373830396236376138323630666430393533613139
62346463656339386362393361656632313461666566333664656564366539653838646564366232
61313939373166666237373038363965336266363961633835616361393334663434363462663962
62653363333035613736353332393839303634393663313962393539616630323539306464363332
32396461393132363637396232346631346239623761643366396132303661373762383933353833
66363965643638343939653036336665313462323832393234643132616466326334333030633764
32643966616234323839376533646338316435653331636239396438316130303665623638323332
39646663653363633432313561633961363735383662643437616330313665306430333234653062
32666266363361353365653830353262383737366366313939313437633164646337303963636538
64313163336638383031353262373038303630633332356466616537393932646436653930306231
38346234633265613734396639643065646537643165653630613130636634613335333065343563
64343530636265643664643739366335366564643461373430353139363262373737323561336630
32616534343061343639616530653864356663653463373362646463303562306331653564303266
33373839643337663131383133393135323037636137326465613334643964636661613535393961
35323262376336383264356437306461373731373036666539626238396139353939633462636662
31376635613466326565326232363035353337373636656138323264336630623565366535633264
33363736323964343266343663383939353530666165653435663363366461633733386637393036
33613265323165626130376337623363323739393235313437366435663034353136653963643236
63316332313063393965316264646135343939336339376130653834613331353065326338336338
61623164373033353362666638623964316130353537323035633836363562643636363165383662
39353536373938383863353033386131633830616430313833643866303764313430383733663930
62353763623433636662663330346537316365316136313637323737343437623436613338343232
37326635326333363564663461666463616332663434646565646435396130326562323761613265
61636138666132303464653434656364313430303135616661353066633862623136633836353930
34376635336266386632373738646232383233383530386665633866376637663734643539633734
34613061353237343932303333613661353961666538326132303966383332313732663666313735
38333239336535356566313139313061353730356334393536623639363435643462623564366536
35376430303562666633343632326563396437343038363736313138643233303231326561313236
65303636653262313637623962366432636134373335626130376363643261393339623738313866
34386262626436613365346531653631326435333732623039323066333462396565303634303331
37373065643435643131396231333531626332653162653831323566393538313465373739613962
33666637633364363031303035346662333433346632366230336566353234313765316165323535
66386364656435343535633433303361313637336564363161396132316439616536303066623937
65626436633131653065633734663336326531333035366633376262393332363439303432376331
63356162306636306139306133343462636663326334383536353862653133666638663632646330
62363463353533313366316438393137653666613862353837303833393831653334383762326535
61313039343338663062653036623466393036653863663961386137633736323535633963356430
34333433666339373633313138356464663938333565633063663531626532373835376439303934
37626231663230643462353634613937663933663931623166333836633638346536393230666466
39333933663633616362333631313961653331363861633861623438636431346161396238343838
37633235626339353132633365346537343037653366366165623137383262386361373737373435
36613564623038633031623965623236376638633966353436353162356266373965623237653839
64343936353732336239376463346131363534633932326131303333313464666366396632356438
63633330343766333766396466366434343464356637356561383738313261343162383235343937
65356534333363303633343761613332316330383163383265353763643532613266636436343764
64393333313037613230643932656630623037333532366466656537336466663735636234336666
63336566363538636134346239376536373133386331643937623132313636653739636334633363
61653638353762313164346138373932633764613662653364333461666164326636356430333461
65353733303232316136633666636238393938343062653239333036623336663662333062623338
64653130363664663265396661643434333638656333383838316663366566303933643161303331
65326263623439353035333466303163623336353232626239373336643039613564346338636139
34373463363262306361636332343466353732316331396135646363633039663337383333666431
65383234396361336235633962343466653837313964336439623938663933656234306334323833
30383863663433373565666562643236386665396534386231633935376133323034616132383137
31316638346663613734633330393264396264393531373561656332366464376266386635396434
30613965336563363764343032396231363764383865646430356330653835663831323964656163
33386464356536373563303737396366323338666561366236303135356464626663363231636463
34313635616436303835366361393133663138393765333637383138393635636566353833376261
39343235633264656232383863386132613038316239643434663164363638336538396330663438
66306661316634656566613636623261663838376164323136363964616136333631323936326532
38653038366638663362653632336335363539313762633164393930666630656437643063303731
31383831393135316263313736366436663464306162643433396431643330346130383664373132
63353964623439653338363962363661366464303431633230353236376561373634333636316564
61316336393964653030646162643836306437653931393261633964383463623039623937303335
38366565386466383663616338623066376130626331383062376162386234386661653338613432
31376638346233323739313230313465633730623833396638343436346336313536333138376561
63313931316131306663393835326463333335383138653639626665643162663062353861626138
63393234363637653531393333373064353138313033306265333662363635316563396232346230
63396331396632616537363132363335363235656134646634616462663739653934366136653036
64303933353434643331366264396338373961653134343138373636626366303866346438373837
30633536633735666164613937336464393835323431316537643331383933663262333035396434
31633363633536396531626134343232303962313161363731393762666435343533303965383435
31313164366266323466376131353665643461333932653135306438613965393864333639393034
38396337393330633066366164356535623638366465636531333964373030323636326133326161
31633037346664386264373138313066636461636139646366633737336230616361373234623662
32393936343665656434666163343530366364633665346464376435356663353765613564383761
62623032303836333562313561343738306235323963643966613733633333353438383764313731
35666330356336363539376564323761326433356635386261393333666466333235356461646639
33613061623533356634306331303331323738326630646535396539336664353362326339333565
64373461623562366562336237303030346338383630393063653164333062663230373366333534
66313338313562656239326632353462383232626430626563643336333631346236333036373236
39656339343031663432333735316234386633353035616535363863633437633463366631386664
32373337313831653466643434363166313865383536396233666238613934396638373832303435
66626136623231356438396632326163626231653437653365666633363163646666656132613332
66333235396334393962363439373430623161633564383466353333383032313034383738393239
31663362636639633366386531366130663435386535636565313433646365666634616563656362
62356330653264626335326535386337383433616535353239336633313234396132663535643436
37323962366338333961326131663261623639623961343165646566656162353032363531386262
35313034666534383764326461376636323766633066336530633438383061386361643831353163
35623564656263656330386261363136363130656264626262663939343930353938366534316166
30386361666439343737353237333066353161356335663632353263363765666636396363336235
39633630376663393937616262356263616139616166646561316230303462666461613538346438
61303031356131356234376163326165383663623236376239656530326630663064363337633766
37666530653132656261663262613561313735393539646338303534323863353736343333636133
34363363613131626666376536353431373861313133653638303335623961373532626339376661
35666365316666366639646334336336343533333862366639323366613838316235376565326436
31666563663131323763386161313364393137616630386563396262653037356366336232633762
35643330613132376536663837666431313535646161323961656139656633356336393834643736
63656631646266623132346432633062316266306161663832353866623333303430383837613633
62366166366361363333363537316464633461393138633730306163633739353933313637666539
33633137386235316238366236323739653433383337336166663734333463646263316539326662
35313331363863333238643066663663303239383738356632306635623936303831346265333132
64343230633131336565333631333538326239613730343134366462333165356265396139386364
63626538613138393039653737646262323832626664333262343861666261623237646138366537
66386233646336343365326333653430356139363764653333353463666563663165663138356239
39633331313665383536633163393639646434636335323739363162343238613331303237633838
66633564326238303137643332356438643866363239663264326461316238613266623831303538
63373164326132366631663130616161306439363233303538313139306330646638386236393639
35303461666437373136623465316363336564393964363434363334343966353137356566643330
32643330613733363066333561656433386137633836613462636530353266323237336136336266
62626531336237613564333337313337666365646631353432343838616336383036633134346439
33303366363138306132623632643061316331616363376536356437336330323137663461616562
35626536386233303034346633636536663264376465313230313062313535306266656135613736
64363536353236363335383537356133356465366366653963316333356263376636316130633565
33373937623634386264313137346238626637333731623737633531343063633031366663333461
32393637343262653533353438313863383631666534353961376237616564653139383237333838
33383339623865376563333731353037323536613838363837336134613463383533653139393062
33633938613833313131306432306130653232393733333363313232353063316637643634626430
34356134333833373165396336643033303038663230323330663931376237336166383764353339
35643566346138396163336235323763393364623537343533313638366534626534393964666565
66666330383735393734656431353963623539646238306237303862613234393834613534366164
63653339333037643063633239393639363738346438613837333365366462353965303231366137
30666135353363336530393335363339376633613232316635646630393837666665353633393863
38613639303134613161663332393437643034396666346431343764396166316539646130323435
64646163333434383661613065333936333561613966303531616639353761356436303332666638
39323834656430386437323330373337653761633230383037396663373661636235353664343839
38306534383562363134643532656262613632356532613762396533306165623039373766653364
66666464376239653563663565336633656662363337616562376439333938613936656662626366
61333864386564613134393933383061333837333837343763386435316365636239336633383861
63393465376439646334313532323563356165303864623036343135373461326537343562333561
37316564646461333735333937356130656265656539626637613063313932333864373337323865
34366639626565316638373938343061616138393461333637323032616631313135646665626363
36653032303332633530623864396561663265616535643039333361306565386365303737643566
34653364343931653563626631386565383634326663623666663064323432376330383163666464
65333239333566363936333734656663333535396439376534323638313861316563383237373930
66653261653664323033386633363739343531623139326635653838316466356265383562636132
31613831646532393062323639303033336132666462623337303061633265646662656566636236
64326539323639393131346161326535346665333935326134343432333563383833386634643061
33326233303436396431313261666334363738373062306161353662616536613330376632616162
31353365643734343437316565396433346435633432643066663837376266366234616132343736
35373661376262326231373565643938363662666263386436646238313138343838383230666238
62636231316434353831386463633030653664313633656664303662663133336564623937636366
63663163613932623238336433333239346562646537333666616335393836353563623133636538
32663064383237663438313663303965623533623836306364623535616137643138303964303963
63333332313661633336646563343463393334633364623338613037323831633636653561393733
37313036346131616133616335613833653834646236313834316663303538326166643036336362
61393633393534636631633635643732343037633133373330623835333135656163313436653764
65366431343438616462663064646336656134326635653364316661376234366133356162353234
38356135313563346432373731336337356330623230663630653062323230386533613236613234
37323133316566633032666337616563346232383365643638316539656531373832636566303630
36363962643363343838373963313866353061323861393163663061616338616531323537363063
66303265343335393639636438663230336235626338613632626537343838633661306336366363
30303161393363363064656132336536383464386333633862643262353735633231383439353638
38363231653339666636393532363033333633646361376566646363613761613062373030656634
63646335323766623636313139663030383261313636653564333930623936613062633230366266
39376334306465393364306461333732386236626131666531653236333832326662623263383738
34313534323630323637323531666162626539623465346131366235353032656231656337623530
63396437373138646434313331636537336236656561613162323262323530316665326430663461
33303163643063623865373965336130323934313734393437346265616434306564333034306266
37396161383665356336353334353131636137343135623435653764663964626364653433356339
31623466356430376430353433316665306333313661623938626434373734653261346364303334
61356361366363626533386333323331366563323836323336346330383363656132386537373332
39323530343032393034326239323733313661626132333337306537653265646536666164656237
65393339386665613136653262393336636139656537636161363836396232323234353331346264
6364
